Time	latitude	longtitude	elevation			
09:58:29	35.3409	25.1590	84
09:58:49	35.3443	25.1402	373
09:59:05	35.3535	25.1339	572
09:59:21	35.3657	25.1324	770
09:59:37	35.3780	25.1303	968
09:59:54	35.3915	25.1264	1120
09:59:57	35.3941	25.1256	1196
10:00:59	35.4603	25.1014	1692
10:01:21	35.4891	25.0912	2057
10:01:44	35.5170	25.0814	2385
10:02:11	35.5533	25.0684	2903
10:02:40	35.5889	25.0555	3315
10:03:19	35.6413	25.0367	3795
10:03:50	35.6853	25.0210	4412
10:04:29	35.7379	24.9997	4900
10:05:00	35.7846	24.9777	5044
10:05:30	35.8297	24.9566	5380
10:06:00	35.8772	24.9342	5776
10:06:30	35.9269	24.9108	6096
10:07:00	35.9782	24.8866	6416
10:07:20	36.0120	24.8706	6645
10:07:40	36.0450	24.8550	6850
10:08:10	36.0988	24.8296	7148
10:08:42	36.1543	24.8033	7445
10:09:00	36.1858	24.7883	7612
10:09:21	36.2252	24.7696	7788
10:09:40	36.2605	24.7527	7940
10:10:10	36.3162	24.7261	8214
10:10:40	36.3720	24.6994	8473
10:11:21	36.4474	24.6633	8793
10:11:52	36.5049	24.6359	9014
10:12:22	36.5621	24.6084	9220
10:12:51	36.6179	24.5817	9395
10:13:21	36.6720	24.5557	9555
10:13:42	36.7165	24.5343	9677
10:14:12	36.7733	24.5034	9898
10:14:42	36.8280	24.4697	10081
10:15:12	36.8849	24.4346	10295
10:15:41	36.9346	24.4039	10485
10:16:11	36.9958	24.3659	10660
10:16:41	37.0493	24.3327	10805
10:17:01	37.0823	24.3122	10904
10:17:32	37.1432	24.2743	10980
10:18:02	37.1975	24.2406	10980
10:18:34	37.2566	24.2035	10980
10:19:04	37.3105	24.1696	10980
10:19:35	37.3663	24.1346	10973
10:20:05	37.4231	24.0991	10980
10:20:35	37.4778	24.0647	10980
10:21:05	37.5342	24.0291	10980
10:21:35	37.5897	23.9940	10973
10:22:06	37.6461	23.9584	10980
10:22:36	37.7041	23.9217	10980
10:23:06	37.7597	23.8864	10980
10:23:36	37.8137	23.8522	10973
10:24:06	37.8692	23.8169	10980
10:24:49	37.9481	23.7710	10980
10:25:20	38.0092	23.7365	10980
10:25:50	38.0662	23.7043	10973
10:26:20	38.1092	23.6799	10980
10:26:50	38.1754	23.6424	10980
10:27:20	38.2364	23.6076	10980
10:27:50	38.2927	23.5755	10980
10:28:19	38.3480	23.5438	10980
10:28:50	38.4062	23.5105	10973
10:29:21	38.4646	23.4771	10980
10:29:51	38.5211	23.4450	10973
10:30:21	38.5772	23.4128	10980
10:30:51	38.6345	23.3797	10980
10:31:21	38.6909	23.3469	10980
10:31:51	38.7478	23.3140	10980
10:32:21	38.8046	23.2812	10980
10:32:51	38.8615	23.2483	10973
10:33:22	38.9189	23.2152	10980
10:33:56	38.9843	23.1705	10973
10:34:29	39.0428	23.1298	10980
10:35:00	39.1021	23.0883	10980
10:35:30	39.1554	23.0509	10980
10:36:03	39.2144	23.0098	10980
10:36:35	39.2765	22.9664	10980
10:37:05	39.3325	22.9270	10980
10:37:36	39.3880	22.8881	10973
10:38:07	39.4446	22.8483	10980
10:38:37	39.5001	22.8091	10973
10:39:07	39.5551	22.7701	10980
10:39:37	39.6103	22.7309	10980
10:40:07	39.6664	22.6910	10980
10:40:37	39.7221	22.6514	10980
10:41:08	39.7793	22.6105	10980
10:41:38	39.8352	22.5707	10973
10:42:08	39.8921	22.5300	10973
10:42:39	39.9468	22.4908	10980
10:43:10	40.0076	22.4470	10980
10:43:40	40.0637	22.4067	10973
10:44:11	40.1193	22.3667	10980
10:44:43	40.1792	22.3234	10980
10:45:13	40.2332	22.2844	10973
10:45:43	40.2920	22.2418	10980
10:46:13	40.3448	22.2035	10980
10:46:43	40.4000	22.1633	10980
10:47:13	40.4566	22.1220	10980
10:47:43	40.5130	22.0807	10973
10:48:13	40.5688	22.0399	10973
10:48:43	40.6253	21.9984	10980
10:49:13	40.6804	21.9579	10980
10:49:43	40.7375	21.9158	10980
10:50:13	40.7941	21.8743	10980
10:50:43	40.8500	21.8331	10980
10:51:13	40.9080	21.7902	10980
10:51:43	40.9625	21.7496	10973
10:52:13	41.0202	21.7067	10980
10:52:43	41.0768	21.6645	10980
10:53:14	41.1324	21.6230	10980
10:53:44	41.1896	21.5803	10973
10:54:14	41.2470	21.5373	10980
10:54:44	41.3028	21.4953	10980
10:55:14	41.3561	21.4551	10980
10:55:44	41.4099	21.4145	10973
10:56:14	41.4613	21.3668	10980
10:56:44	41.5114	21.3164	10980
10:57:14	41.5637	21.2639	10980
10:57:44	41.6152	21.2121	10980
10:58:14	41.6658	21.1612	10973
10:58:46	41.7216	21.1049	10973
10:59:17	41.7726	21.0532	10973
10:59:47	41.8243	21.0007	10980
11:00:23	41.8848	20.9392	10980
11:00:53	41.9357	20.8876	10973
11:01:23	41.9868	20.8356	10980
11:01:53	42.0388	20.7823	10980
11:02:27	42.0958	20.7236	10973
11:02:57	42.1480	20.6701	10980
11:03:27	42.1992	20.6173	10980
11:03:57	42.2510	20.5639	10980
11:04:28	42.3036	20.5097	10980
11:04:58	42.3556	20.4560	10980
11:05:28	42.4072	20.4023	10980
11:05:58	42.4578	20.3494	10973
11:06:28	42.5089	20.2961	10980
11:06:59	42.5615	20.2411	10973
11:07:29	42.6145	20.1856	10980
11:07:59	42.6663	20.1312	10980
11:08:29	42.7186	20.0762	10980
11:09:01	42.7749	20.0170	10980
11:09:31	42.8291	19.9598	10980
11:10:02	42.8842	19.9015	10980
11:10:32	42.9372	19.8452	10980
11:11:03	42.9913	19.7876	10980
11:11:33	43.0445	19.7309	10980
11:12:03	43.0962	19.6756	10980
11:12:33	43.1506	19.6174	10980
11:13:03	43.2047	19.5593	10980
11:13:34	43.2576	19.5024	10980
11:14:04	43.3122	19.4434	10980
11:14:35	43.3654	19.3858	10980
11:15:05	43.4191	19.3277	10980
11:15:38	43.4753	19.2667	10980
11:16:08	43.5285	19.2088	10980
11:16:38	43.5819	19.1506	10973
11:17:12	43.6399	19.0872	10980
11:17:42	43.6938	19.0279	10980
11:18:12	43.7477	18.9687	10980
11:18:42	43.7986	18.9126	10980
11:19:12	43.8524	18.8532	10973
11:19:42	43.9034	18.7968	10973
11:20:13	43.9570	18.7374	10973
11:20:43	44.0109	18.6774	10980
11:21:13	44.0617	18.6208	10980
11:21:46	44.1196	18.5560	10980
11:22:16	44.1726	18.4968	10980
11:22:46	44.2257	18.4371	10980
11:23:17	44.2770	18.3791	10980
11:23:47	44.3308	18.3183	10980
11:24:18	44.3851	18.2569	10980
11:24:48	44.4365	18.1987	10973
11:25:18	44.4904	18.1376	10980
11:25:49	44.5434	18.0773	10980
11:26:19	44.5977	18.0152	10980
11:26:49	44.6511	17.9543	10980
11:27:19	44.7048	17.8925	10973
11:27:50	44.7586	17.8305	10980
11:28:20	44.8122	17.7684	10980
11:28:50	44.8638	17.7086	10980
11:29:20	44.9179	17.6461	10980
11:29:46	44.9638	17.5931	10980
11:30:16	45.0165	17.5319	10980
11:30:47	45.0712	17.4681	10980
11:31:17	45.1228	17.4081	10980
11:31:47	45.1801	17.3498	10980
11:32:17	45.2341	17.2952	10980
11:32:48	45.2927	17.2358	10980
11:33:21	45.3525	17.1748	10973
11:33:51	45.4093	17.1168	10980
11:34:22	45.4678	17.0568	10980
11:34:53	45.5218	17.0011	10980
11:35:23	45.5765	16.9447	10980
11:35:53	45.6312	16.8883	10980
11:36:23	45.6874	16.8301	10980
11:36:55	45.7448	16.7702	10980
11:37:25	45.7994	16.7133	10973
11:37:55	45.8527	16.6577	10980
11:38:14	45.8873	16.6216	10980
11:38:44	45.9409	16.5655	10980
11:39:14	45.9978	16.5056	10980
11:39:44	46.0513	16.4493	10973
11:40:14	46.1051	16.3924	10980
11:40:37	46.1474	16.3479	10980
11:41:07	46.2018	16.2903	10980
11:41:37	46.2576	16.2310	10973
11:42:08	46.3129	16.1721	10980
11:42:47	46.3842	16.0958	10980
11:43:17	46.4385	16.0374	10980
11:43:47	46.4926	15.9791	10980
11:44:32	46.5740	15.8915	10973
11:45:03	46.6306	15.8303	10973
11:45:33	46.6850	15.7715	10980
11:46:03	46.7394	15.7124	10980
11:46:34	46.7923	15.6547	10980
11:47:04	46.8491	15.5927	10980
11:47:34	46.9040	15.5323	10980
11:48:04	46.9570	15.4741	10980
11:48:34	47.0124	15.4131	10980
11:49:04	47.0673	15.3524	10980
11:49:34	47.1224	15.2913	10980
11:49:58	47.1655	15.2435	10980
11:50:25	47.2133	15.1904	10973
11:50:55	47.2665	15.1311	10980
11:51:25	47.3227	15.0685	10980
11:52:09	47.4039	14.9841	10980
11:52:39	47.4599	14.9264	10980
11:52:59	47.4951	14.8898	10980
11:53:29	47.5525	14.8296	10980
11:53:59	47.6075	14.7715	10980
11:54:29	47.6604	14.7154	10973
11:54:59	47.7172	14.6548	10980
11:55:29	47.7730	14.5953	10980
11:55:59	47.8275	14.5372	10980
11:56:29	47.8821	14.4787	10973
11:56:59	47.9377	14.4190	10980
11:57:29	47.9930	14.3596	10980
11:57:59	48.0493	14.2988	10980
11:58:29	48.1033	14.2405	10973
11:58:46	48.1332	14.2081	10980
11:59:16	48.1905	14.1457	10980
11:59:32	48.2138	14.1204	10980
12:00:10	48.2805	14.0413	10980
12:00:40	48.3395	13.9695	10980
12:01:10	48.3926	13.9045	10980
12:01:41	48.4446	13.8409	10980
12:01:59	48.4780	13.7999	10980
12:02:25	48.5230	13.7446	10980
12:02:59	48.5812	13.6731	10980
12:03:21	48.6210	13.6238	10980
12:03:44	48.6614	13.5746	10980
12:04:13	48.7156	13.5129	10980
12:04:43	48.7698	13.4509	10980
12:05:12	48.8205	13.3929	10973
12:05:42	48.8766	13.3285	10980
12:06:21	48.9468	13.2476	10980
12:06:43	48.9867	13.2014	10980
12:07:12	49.0393	13.1405	10973
12:07:42	49.0916	13.0797	10980
12:08:22	49.1603	12.9999	10980
12:08:52	49.2165	12.9343	10980
12:09:22	49.2730	12.8681	10980
12:09:52	49.3266	12.8050	10980
12:10:22	49.3787	12.7436	10980
12:10:50	49.4278	12.6847	10980
12:11:20	49.4821	12.6182	10980
12:11:50	49.5351	12.5532	10980
12:12:20	49.5880	12.4881	10980
12:12:50	49.6396	12.4247	10980
12:13:16	49.6869	12.3665	10980
12:13:34	49.7216	12.3306	10980
12:14:13	49.7983	12.2692	10980
12:14:48	49.8658	12.2174	10973
12:15:18	49.9276	12.1698	10980
12:15:36	49.9630	12.1426	10980
12:16:20	50.0508	12.0748	10980
12:16:50	50.1110	12.0276	10980
12:17:20	50.1727	11.9796	10980
12:17:50	50.2263	11.9375	10980
12:18:21	50.2940	11.8842	10980
12:18:51	50.3544	11.8365	10980
12:19:21	50.4148	11.7889	10851
12:19:51	50.4728	11.7428	10668
12:20:21	50.5352	11.6932	10493
12:20:51	50.5949	11.6459	10325
12:21:21	50.6560	11.5975	10142
12:21:51	50.7150	11.5502	9982
12:22:21	50.7755	11.5015	9837
12:22:41	50.8131	11.4710	9746
12:23:00	50.8564	11.4360	9662
12:23:16	50.8892	11.4094	9594
12:23:33	50.9231	11.3819	9517
12:23:56	50.9709	11.3430	9403
12:24:37	51.0539	11.2759	9220
12:25:01	51.0998	11.2385	9114
12:25:20	51.1361	11.2088	9014
12:25:40	51.1783	11.1742	8847
12:25:58	51.2174	11.1422	8710
12:26:14	51.2482	11.1169	8580
12:26:58	51.3385	11.0425	8230
12:27:30	51.4047	10.9873	7910
12:27:59	51.4651	10.9374	7635
12:28:32	51.5290	10.8837	7277
12:28:57	51.5784	10.8401	7026
12:29:19	51.6192	10.8037	6789
12:30:00	51.6977	10.7339	6370
12:30:31	51.7550	10.6829	5982
12:31:14	51.8344	10.6119	5334
12:31:44	51.8861	10.5660	4938
12:32:14	51.9397	10.5182	4473
12:32:44	51.9926	10.4709	4023
12:33:25	52.0581	10.4121	3482
12:33:55	52.1053	10.3696	3216
12:34:25	52.1489	10.3298	3048
12:34:52	52.1854	10.2963	3048
12:35:14	52.2103	10.2734	2850
12:35:35	52.2376	10.2488	2667
12:36:05	52.2732	10.2165	2416
12:36:25	52.2976	10.1944	2225
12:36:44	52.3225	10.1716	2057
12:37:04	52.3445	10.1513	1867
12:37:30	52.3762	10.1221	1646
12:37:54	52.4028	10.0975	1463
12:38:16	52.4256	10.0733	1311
12:38:35	52.4438	10.0451	1128
12:38:51	52.4556	10.0170	1036
12:39:07	52.4600	9.9911	960
12:39:28	52.4601	9.9537	861
12:39:48	52.4605	9.9189	823
12:40:15	52.4618	9.8758	648
12:40:40	52.4629	9.8406	518
12:40:59	52.4635	9.8178	442
12:41:10	52.4640	9.8033	444
12:42:19	52.4662	9.7234	107
12:42:35	52.4668	9.7067	38
